lidar1_to_body_pos: [0.07236402984340307, -0.03622441806702567, 0.2714770228317211]  # trans part
lidar1_to_body_rot: [-0.05546724362235461, 0.9933659292186481, -0.100734877537574, -0.9980279082704078, -0.05219074117532196, 0.0348772253621855, 0.02938841945958433, 0.1024707626747368, 0.9943017970407805]